23.308
24.554
25.749
26.927
28.066
29.156
30.198
31.188
32.123
32.996
33.8
34.532
35.185
35.749
36.218
36.58
36.819
36.908
36.794
36.471
35.968
35.316
34.563
33.784
33.003
32.22
31.434
30.647
29.86
29.067
28.274
27.49
26.703
25.921
25.15
24.395
23.644
22.915
22.198
21.494
20.797
20.117
19.447
18.798
18.174
17.573
16.991
16.431
15.891
15.36
14.853
14.369
13.913
13.478
13.075
12.708
12.362
12.047
11.762
11.51
11.287
11.11
10.966
10.858
10.785
10.749
10.752
10.79
10.878
11.012
11.193
11.423
11.69
12
12.362
12.766
13.219
13.736
14.297
14.901
15.552
16.247
16.98
17.764
18.59
19.465
20.383
21.351
22.365
23.421
24.515
25.66
26.835
28.057
29.312
30.614
31.935
33.289
34.662
36.064
37.471
38.902
40.35
41.806
43.274
44.755
46.237
47.725
49.215
50.702
52.184
53.649
55.103
56.544
57.969
59.382
60.785
62.177
63.554
64.912
66.246
67.56
68.847
70.113
71.353
72.571
73.751
74.888
75.984
77.037
78.043
79.018
79.96
80.864
81.739
82.589
83.403
84.177
84.918
85.615
86.269
86.878
87.448
87.977
88.46
88.897
89.29
89.638
89.939
90.196
90.415
90.595
90.724
90.801
90.831
90.809
90.738
90.618
90.455
90.24
89.977
89.665
89.307
88.904
88.462
87.981
87.464
86.912
86.313
85.668
84.978
84.235
83.447
82.622
81.752
80.845
79.907
78.931
77.92
76.878
75.794
74.673
73.521
72.332
71.113
69.866
68.591
67.292
65.977
64.636
63.278
61.907
60.52
59.114
57.704
56.282
54.857
53.427
52.005
50.583
49.171
47.77
46.382
45.009
43.658
42.328
41.022
39.742
38.493
37.278
36.097
34.957
33.855
32.802
31.793
30.833
29.927
29.077
28.281
27.545
26.875
26.261
25.705
25.215
24.79
24.428
24.136
23.913
23.757
23.674
23.659
23.714
23.844
24.043
24.309
24.643
25.047
25.516
26.054
26.657
27.329
28.073
28.884
29.762
30.709
31.721
32.798
33.94
35.142
36.406
37.72
39.08
40.491
41.944
43.435
44.966
46.534
48.134
49.769
51.433
53.125
54.84
56.571
58.309
60.062
61.825
63.596
65.362
67.131
68.895
70.648
72.383
74.113
75.823
77.504
79.166
80.8
82.403
83.981
85.536
87.062
88.559
90.024
91.46
92.859
94.219
95.547
96.841
98.088
99.3
100.47
101.61
102.7
103.77
104.79
105.78
106.72
107.61
108.45
109.27
110.05
110.79
111.51
112.19
112.81
113.4
113.94
114.44
114.9
115.32
115.7
116.03
116.32
116.57
116.78
116.94
117.05
117.12
117.12
117.07
116.97
116.82
116.62
116.37
116.08
115.73
115.33
114.88
114.38
113.83
113.23
112.59
111.9
111.17
110.39
109.56
108.67
107.73
106.74
105.71
104.63
103.5
102.33
101.12
99.864
98.571
97.241
95.875
94.476
93.045
91.584
90.104
88.598
87.066
85.524
83.964
82.387
80.798
79.2
77.583
75.963
74.335
72.703
71.068
69.43
67.792
66.155
64.517
62.888
61.275
59.678
58.109
56.568
55.063
53.597
52.163
50.765
49.41
48.098
46.831
45.635
44.495
43.418
42.407
41.472
40.607
39.827
39.111
38.464
37.884
37.385
36.955
36.618
36.38
36.232
36.17
36.206
36.333
36.553
36.869
37.274
37.778
38.373
39.058
39.826
40.68
41.607
42.614
43.688
44.833
46.039
47.315
48.652
50.047
51.494
52.994
54.536
56.118
57.734
59.385
61.068
62.776
64.512
66.272
68.041
69.825
71.615
73.403
75.19
76.972
78.74
80.497
82.237
83.964
85.683
87.387
89.071
90.735
92.371
93.981
95.567
97.124
98.652
100.15
101.61
103.03
104.41
105.76
107.08
108.37
109.62
110.84
112.02
113.15
114.22
115.24
116.22
117.14
118.02
118.85
119.64
120.37
121.07
121.73
122.35
122.94
123.48
123.98
124.44
124.85
125.21
125.53
125.79
126
126.16
126.28
126.34
126.36
126.33
126.25
126.13
125.95
125.74
125.48
125.18
124.83
124.43
123.98
123.48
122.93
122.35
121.73
121.08
120.4
119.68
118.93
118.12
117.27
116.37
115.44
114.45
113.43
112.36
111.25
110.11
108.94
107.73
106.48
105.2
103.88
102.52
101.12
99.698
98.247
96.77
95.278
93.771
92.235
90.673
89.09
87.485
85.857
84.224
82.576
80.923
79.264
77.608
75.952
74.3
72.653
71.017
69.389
67.772
66.171
64.584
63.014
61.468
59.948
58.455
56.999
55.574
54.186
52.839
51.533
50.271
49.066
47.916
46.821
45.79
44.825
43.917
43.062
42.269
41.539
40.87
40.281
39.771
39.337
38.983
38.698
38.478
38.333
38.262
38.253
38.32
38.455
38.658
38.931
39.275
39.692
40.176
40.723
41.328
41.997
42.713
43.487
44.316
45.19
46.11
47.082
48.088
49.128
50.215
51.338
52.491
53.671
54.878
56.102
57.343
58.601
59.871
61.144
62.425
63.702
64.978
66.262
67.542
68.823
70.101
71.372
72.63
73.87
75.083
76.278
77.448
78.599
79.737
80.861
81.969
83.06
84.135
85.187
86.219
87.223
88.197
89.137
90.046
90.934
91.792
92.631
93.441
94.222
94.958
95.66
96.323
96.957
97.555
98.12
98.65
99.146
99.611
100.04
100.43
100.79
101.1
101.36
101.58
101.78
101.94
102.07
102.18
102.25
102.28
102.26
102.21
102.1
101.97
101.8
101.6
101.36
101.09
100.8
100.46
100.1
99.708
99.284
98.817
98.314
97.776
97.2
96.586
95.943
95.274
94.573
93.843
93.08
92.288
91.468
90.616
89.74
88.839
87.91
86.949
85.959
84.93
83.867
82.77
81.643
80.49
79.325
78.14
76.944
75.73
74.492
73.225
71.939
70.626
69.296
67.953
66.596
65.23
63.851
62.463
61.068
59.681
58.293
56.914
55.543
54.172
52.753
51.275
49.725
48.088
46.372
44.617
42.832
41.031
39.224
37.421
35.627
33.849
32.095
30.372
28.672
27.003
25.364
23.755
22.177
20.609
19.097
